[38;2;128;128;128m               [38;2;146;125;138m.[38;2;161;128;144m:[38;2;171;131;143m,[38;2;175;133;143m,o[38;2;164;129;142m,[38;2;156;127;141m,[38;2;148;125;139m.[38;2;144;125;137m.
[38;2;128;128;128m                [38;2;253;205;221ml[38;2;249;196;214ml[38;2;235;180;201ml[38;2;223;165;187mm[38;2;217;157;176mm[38;2;213;152;165m,[38;2;211;147;153m"[38;2;213;145;146m"[38;2;220;148;146ml[38;2;226;151;146mm[38;2;213;145;146ms[38;2;194;137;146m,[38;2;169;129;143m,[38;2;148;125;139m.
[38;2;128;128;128m               [38;2;159;123;146m"[38;2;235;189;207ml[38;2;254;206;222ml[38;2;254;206;222mlll[38;2;253;191;212ml[38;2;253;184;207ml[38;2;251;183;206ml[38;2;233;170;194mm[38;2;210;155;179ms[38;2;201;145;163m,[38;2;206;143;147m"[38;2;236;156;146ml[38;2;253;163;145ml[38;2;231;153;146mm[38;2;204;141;147mo[38;2;166;128;144m,         [38;2;145;127;136m.[38;2;151;129;137m,[38;2;155;130;137m,[38;2;158;131;138m,,,,[38;2;147;127;137m.
[38;2;128;128;128m                [38;2;181;139;162m"[38;2;254;206;222ml[38;2;254;206;222mlllll[38;2;250;182;205ml[38;2;231;169;192mm[38;2;224;164;187mm[38;2;223;163;186mml[38;2;207;153;177mm[38;2;193;141;161mo[38;2;214;146;147m"[38;2;254;163;145ml[38;2;255;164;145ml[38;2;240;157;145ml[38;2;200;140;146mm[38;2;172;132;143mo[38;2;175;130;146mm[38;2;189;135;147m^[38;2;209;143;146ml[38;2;230;153;146ml[38;2;252;163;145ml[38;2;255;164;145mllllllllllll[38;2;239;157;145ml[38;2;227;152;146mm[38;2;194;139;148mm[38;2;175;133;146mm[38;2;162;129;143mo[38;2;148;126;138m.
[38;2;128;128;128m                "[38;2;219;174;194ml[38;2;254;206;222ml[38;2;254;206;222mlll[38;2;253;191;211ml[38;2;244;178;201ml[38;2;216;157;178ms[38;2;210;147;154m"[38;2;248;161;145ml[38;2;255;164;145ml[38;2;253;163;145ml[38;2;245;159;145ml[38;2;233;154;146mm[38;2;235;155;146mm[38;2;255;164;145ml[38;2;255;164;145mllllll[38;2;243;159;145ml[38;2;227;152;146mm[38;2;216;147;146mm[38;2;216;147;146m"[38;2;223;150;146ms[38;2;251;162;145ml[38;2;255;164;145mlllllllll[38;2;227;155;147mm[38;2;202;147;149mm[38;2;219;152;148ms[38;2;232;156;147mm[38;2;238;159;146mmm[38;2;218;148;146mm[38;2;193;138;145mm[38;2;156;127;140m~
[38;2;128;128;128m                [38;2;145;125;137m.[38;2;176;130;148m,[38;2;252;180;188mm[38;2;253;175;180ms[38;2;246;167;167ms[38;2;242;162;157ms[38;2;242;159;149mll[38;2;253;163;145ml[38;2;255;164;145mlllllllllllllllllll[38;2;225;151;146mm[38;2;214;146;146m"[38;2;239;157;145ml[38;2;255;164;145ml[38;2;255;164;145mllllll[38;2;249;162;145mlllllllll[38;2;237;156;146ml[38;2;203;141;147mm
[38;2;128;128;128m           [38;2;146;125;138m.[38;2;152;124;142m~[38;2;157;124;144m"[38;2;181;132;147m,[38;2;195;141;148mm[38;2;209;148;149mm[38;2;253;163;145ml[38;2;255;164;145mlllllllllllllllllllllllllll[38;2;239;157;145mm[38;2;195;137;147mm[38;2;196;138;147m"[38;2;207;143;147m,[38;2;206;142;147m,,,""[38;2;226;151;146ml[38;2;248;161;145ml[38;2;255;164;145ml[38;2;255;164;145mlllllllll[38;2;226;151;146mm[38;2;177;131;146m,[38;2;144;125;137m.
[38;2;128;128;128m     .[38;2;157;126;142m,[38;2;184;134;146m,[38;2;204;141;147mm[38;2;221;149;146mm[38;2;221;149;146mm [38;2;179;133;149mo[38;2;200;145;149mm[38;2;250;162;145ml[38;2;237;158;146msl[38;2;255;164;145ml[38;2;255;164;145mlllllllllllllllllllllllll[38;2;212;145;146m"[38;2;192;136;147m,[38;2;222;149;146ms[38;2;250;162;145ml[38;2;255;164;145ml[38;2;255;164;145mllllll[38;2;240;157;145ml[38;2;215;146;146mm[38;2;196;137;147m,[38;2;205;142;147m"[38;2;242;158;145ml[38;2;255;164;145ml[38;2;255;164;145mllllll[38;2;244;160;146mm[38;2;225;154;147m"[38;2;194;141;149mm[38;2;167;127;147mo
[38;2;128;127;128m  [38;2;157;125;143m:[38;2;195;137;147m,[38;2;222;149;146mm[38;2;246;160;145ml[38;2;255;164;145ml[38;2;255;164;145mll[38;2;215;146;146mm[38;2;173;127;148m,[38;2;229;154;146ml[38;2;202;147;150mm[38;2;235;157;147ml[38;2;255;164;145ml[38;2;255;164;145mllllllllllllllllllllllllll[38;2;239;157;145mm[38;2;178;137;156m,[38;2;234;212;216mm[38;2;255;226;220ml[38;2;255;224;217ml[38;2;255;217;209mm[38;2;255;204;193ms[38;2;255;186;172mm[38;2;255;166;148ms[38;2;255;164;145mlllllll[38;2;249;161;145ml[38;2;219;148;146mm[38;2;255;164;145ml[38;2;255;164;145mllll[38;2;244;160;146mm[38;2;214;151;148m"[38;2;202;147;150mm[38;2;202;147;150mmmm[38;2;185;136;149mm[38;2;157;124;144m:
[38;2;147;125;138m'[38;2;171;126;148m"[38;2;243;159;145ml[38;2;255;164;145ml[38;2;255;164;145mllll[38;2;208;143;146m'[38;2;178;130;147m,[38;2;251;162;145ml[38;2;255;164;145ml[38;2;242;160;146mmlllllllllllllllllllllllll[38;2;233;154;146mm[38;2;218;147;146m"[38;2;208;143;147m" [38;2;247;244;246ml[38;2;255;255;255ml[38;2;255;255;255mllllll[38;2;255;233;228ml[38;2;255;191;178mm[38;2;255;164;145ml[38;2;255;164;145mllllllllll[38;2;219;152;148mm[38;2;202;147;150mm[38;2;202;147;150mmmmmmm[38;2;194;142;149mm[38;2;164;125;147m:
[38;2;128;128;128m  [38;2;148;125;139m'[38;2;175;130;146m"[38;2;207;143;146m"[38;2;232;154;145ml[38;2;252;163;145mlm [38;2;250;162;145mlllllllllllllllllllllllll[38;2;223;150;146mm[38;2;195;137;147m"[38;2;177;142;160m,[38;2;179;168;183m,[38;2;184;189;198ms[38;2;188;207;211ml[38;2;179;169;184mm[38;2;205;183;197ml[38;2;255;255;255ml[38;2;255;255;255mlllllllll[38;2;255;233;228ml[38;2;255;168;150mm[38;2;255;164;145mllllllll[38;2;241;159;146mm[38;2;209;149;149mo[38;2;210;149;149mo[38;2;217;151;148mo[38;2;222;153;148ms[38;2;228;155;147ms[38;2;230;156;147mssss[38;2;220;152;148mm
[38;2;128;128;128m      [38;2;147;125;139m' [38;2;213;150;142ms[38;2;255;164;145ml[38;2;255;164;145mlllllllllllllllllllll[38;2;226;151;146mm [38;2;175;153;172m,[38;2;182;181;192ms[38;2;172;147;167m,[38;2;178;164;180m"[38;2;190;214;216ml[38;2;193;229;227ml[38;2;193;229;227ml [38;2;216;200;210ml[38;2;255;255;255ml[38;2;255;255;255mllllllllll[38;2;255;242;240ml[38;2;232;155;147mm[38;2;231;153;146ml[38;2;255;164;145ml[38;2;255;164;145mlllllllllllllllll
[38;2;128;128;128m        [38;2;236;166;138mm[38;2;249;165;143ml[38;2;255;164;145ml[38;2;255;164;145mllllllllllllllllll[38;2;213;145;146m" [38;2;182;179;190ms[38;2;192;222;222ml[38;2;193;229;227ml[38;2;193;229;227mll[38;2;190;216;217ml[38;2;179;167;182m,[38;2;179;167;182m"[38;2;192;226;225ml[38;2;186;200;206mm[38;2;183;152;171m"[38;2;255;255;255ml[38;2;255;255;255mllllllllll[38;2;214;196;207m"[38;2;175;154;172m,[38;2;179;166;181m,[38;2;178;130;147m"[38;2;233;154;146ml[38;2;255;164;145ml[38;2;255;164;145mllllllllllllllll
[38;2;128;128;128m        [38;2;237;166;138ms[38;2;237;166;138mm[38;2;251;164;143ml[38;2;255;164;145mllllllllll[38;2;233;154;146mm[38;2;223;150;146mml[38;2;253;163;145ml[38;2;255;164;145mll[38;2;230;153;146mm [38;2;181;176;189ms[38;2;192;226;225ml[38;2;193;229;227mlllllll[38;2;190;215;217ml [38;2;191;220;220ml[38;2;182;181;192ms[38;2;188;161;178m"[38;2;236;228;233ml[38;2;255;255;255ml[38;2;255;255;255mllllll[38;2;225;212;220mm[38;2;181;154;173m,[38;2;185;192;200ms[38;2;193;229;227ml[38;2;193;229;227ml[38;2;190;213;215ml [38;2;198;139;147m"[38;2;239;157;145mm[38;2;228;152;146mm[38;2;221;149;146m"[38;2;214;146;146m"[38;2;209;143;146m"[38;2;255;164;145ml[38;2;255;164;145mllllllllll[38;2;246;160;145ml
[38;2;128;128;128m        [38;2;234;164;138mm[38;2;237;166;138mss[38;2;247;165;142mm[38;2;255;164;145ml[38;2;255;164;145mllllll[38;2;222;149;146mm [38;2;174;128;148m,[38;2;212;152;155ms[38;2;238;194;191ml[38;2;254;219;217ml[38;2;255;244;244ml[38;2;207;186;199m' [38;2;189;212;215ml[38;2;193;229;227ml[38;2;193;229;227mllllllllll[38;2;178;165;180m"ll[38;2;186;196;203ms[38;2;182;176;189ms[38;2;191;181;194m,[38;2;196;183;196m,,,[38;2;186;178;191mss[38;2;188;205;210ml[38;2;188;207;211mm[38;2;184;188;198m"[38;2;185;174;186m"[38;2;193;161;170m,[38;2;201;150;156m,[38;2;209;144;147ms[38;2;221;149;146mm[38;2;232;154;146mm[38;2;241;158;145ml[38;2;249;161;145ml[38;2;254;164;145ml[38;2;255;164;145mlllm[38;2;233;157;147mm[38;2;221;153;148m"[38;2;213;150;148m"[38;2;208;149;149m"[38;2;203;147;149mm[38;2;202;147;149mmmmm[38;2;192;140;149mm[38;2;162;123;147m^
[38;2;128;128;128m       [38;2;157;124;144m"[38;2;199;144;143ml[38;2;237;166;138ms[38;2;237;166;138mssm[38;2;252;173;154mm[38;2;255;223;217ml[38;2;255;227;221ml[38;2;255;196;184ms[38;2;255;164;145ml[38;2;255;164;145ml[38;2;196;138;147mo[38;2;220;170;172ms[38;2;255;230;225ml[38;2;254;238;243ml[38;2;253;185;208ml[38;2;253;184;207ml[38;2;207;154;177m' [38;2;192;222;222ml[38;2;193;229;227ml[38;2;193;229;227ml[38;2;192;221;222mm[38;2;185;194;202m"[38;2;185;191;200m,[38;2;187;203;208ms[38;2;191;220;220ml[38;2;193;229;227ml[38;2;193;229;227mlllll[38;2;187;200;206mllllll[38;2;191;221;221mm[38;2;185;193;201m"[38;2;185;170;183m"[38;2;196;149;158m,[38;2;212;145;146ms[38;2;232;154;146mm[38;2;250;162;145ml[38;2;255;164;145ml[38;2;255;164;145mllllllllll[38;2;219;152;148mm[38;2;202;147;150mm[38;2;202;147;150mmmmmmmmmmm[38;2;173;129;148mm
[38;2;128;128;128m            [38;2;211;151;142ml[38;2;251;237;232mm[38;2;248;246;247ml[38;2;234;225;230mm[38;2;227;215;223ml[38;2;245;227;227ml[38;2;255;189;176mm[38;2;255;234;230ml[38;2;255;255;255ml[38;2;255;255;255mlll[38;2;241;234;238mm [38;2;189;210;213ml[38;2;191;220;221mm[38;2;182;181;192m"[38;2;178;162;178m,[38;2;184;189;198ms[38;2;192;224;223ml[38;2;193;229;227ml[38;2;193;229;227mlll[38;2;192;223;223mmllll[38;2;188;208;212ml[38;2;193;229;227ml[38;2;193;229;227ml[38;2;190;216;218mm[38;2;182;179;190m"[38;2;190;149;160m,[38;2;214;146;146ms[38;2;242;158;145ml[38;2;255;164;145ml[38;2;255;164;145mlllllllllllllll[38;2;210;149;149mm[38;2;202;147;150mm[38;2;202;147;150mmmmmmmmmmm[38;2;197;144;149mm
[38;2;128;128;128m          [38;2;226;161;155ml[38;2;243;184;170mm[38;2;245;207;192mm[38;2;235;225;230ml[38;2;181;136;160m"[38;2;220;162;186mm[38;2;202;153;176m'[38;2;218;202;212mo[38;2;255;255;255ml[38;2;255;255;255mlllll[38;2;197;172;188mm [38;2;177;161;177m^[38;2;177;159;176m,[38;2;189;210;213ml[38;2;193;229;227ml[38;2;193;229;227mllll[38;2;187;203;208mm[38;2;190;214;216mm[38;2;193;229;227ml[38;2;193;229;227mlllll[38;2;185;195;202mm[38;2;182;150;165m,[38;2;214;146;146ms[38;2;249;161;145ml[38;2;255;164;145ml[38;2;255;164;145mllllllllllllllllllll[38;2;249;162;145ml[38;2;247;161;146ml[38;2;245;161;146ml[38;2;239;159;146mm[38;2;231;156;147ms[38;2;222;153;148mm[38;2;210;149;149mm[38;2;202;147;149mm[38;2;202;147;150mmmm
[38;2;128;128;128m         [38;2;153;124;142m"[38;2;201;169;187ml[38;2;255;244;247ml[38;2;255;255;255ml[38;2;255;255;255mll[38;2;248;244;246mlllllllll  [38;2;188;207;211mm[38;2;193;229;227ml[38;2;193;229;227mllll[38;2;189;210;214mm[38;2;184;188;197ms[38;2;192;228;226ml[38;2;193;229;227mlllll[38;2;186;196;203mm[38;2;180;140;157m,[38;2;226;151;146ms[38;2;255;164;145ml[38;2;255;164;145mlllllllllllllllllllllllllllllll[38;2;240;159;146ml[38;2;223;154;148mm[38;2;205;148;149mm[38;2;178;132;149mm[38;2;157;124;144m,
[38;2;128;128;128m         [38;2;165;124;148m,[38;2;183;152;171m"[38;2;255;255;255ml[38;2;255;255;255mllllllllllll[38;2;198;173;188mo[38;2;169;139;160m"[38;2;193;229;227ml[38;2;193;229;227mllll[38;2;185;194;202mm[38;2;183;187;196ms[38;2;193;229;227ml[38;2;193;229;227mllll[38;2;192;223;223mm [38;2;213;145;146mo[38;2;255;164;145ml[38;2;255;164;145mllllllllllllllllllllllllllllllllllll[38;2;210;144;147mm
[38;2;128;128;128m        [38;2;149;125;140m:[38;2;214;146;146ml [38;2;204;181;195m"[38;2;254;253;254ml[38;2;255;255;255mlllllllllll[38;2;242;236;240ml [38;2;189;208;212ml[38;2;193;229;227ml[38;2;193;229;227mll[38;2;189;209;212mm[38;2;175;154;172m,[38;2;193;229;227ml[38;2;193;229;227mllll[38;2;191;218;219mm [38;2;238;156;145ml[38;2;255;164;145ml[38;2;255;164;145mlllllllllllllllllllllllllllllllllllll[38;2;210;144;146mo
[38;2;128;128;128m         [38;2;188;134;147m"[38;2;255;164;145ml[38;2;218;148;146mm[38;2;182;137;153m,[38;2;203;180;194m"[38;2;227;215;222ml[38;2;236;228;233mlm[38;2;205;183;197m"[38;2;191;163;180m"    [38;2;192;163;180m"[38;2;200;176;191m"  [38;2;191;217;219ml[38;2;193;229;227ml[38;2;193;229;227ml [38;2;188;206;211mllllll [38;2;240;158;145ml[38;2;255;164;145ml[38;2;255;164;145mlllllllllllllllllllllllllll[38;2;250;162;145ml[38;2;207;148;149m"[38;2;202;147;150mm[38;2;202;147;150mmmm[38;2;207;148;149m"[38;2;215;151;148m"[38;2;224;154;148m"[38;2;236;158;147mm[38;2;252;163;145ml [38;2;154;124;143m'
[38;2;128;128;128m         [38;2;148;125;140m"[38;2;200;139;147m"[38;2;254;164;145ml[38;2;255;164;145ml[38;2;245;160;145mm[38;2;177;129;147m^[38;2;170;127;147m,[38;2;203;146;143ms[38;2;226;160;139ml[38;2;237;166;138mm[38;2;237;166;138msssssl[38;2;223;158;140ml[38;2;204;147;142ms[38;2;181;135;147m,[38;2;178;163;179m"[38;2;188;205;209ml [38;2;191;217;219ml[38;2;193;229;227ml[38;2;193;229;227mlll[38;2;178;165;181mm[38;2;203;146;143ml[38;2;248;165;142mm[38;2;255;164;145ml[38;2;255;164;145mllllllllllllllllllllllllllll[38;2;237;158;146mm[38;2;215;151;148mo[38;2;202;147;149mm[38;2;202;147;150mmmmmmmm
[38;2;128;128;128m           [38;2;166;127;144m"[38;2;218;148;146m" [38;2;183;135;145m,[38;2;236;165;138mm[38;2;237;166;138mssssssssssss[38;2;231;163;139ml[38;2;198;144;143ms [38;2;184;190;198ml[38;2;192;228;226ml[38;2;193;229;227mlll [38;2;237;166;138mm[38;2;237;166;138mm[38;2;250;165;143ml[38;2;255;164;145ml[38;2;255;164;145mllllllllllllllllllllllllllllll[38;2;238;158;146mm[38;2;212;150;149mm[38;2;202;147;150mm[38;2;202;147;150mmmm[38;2;183;135;149mm[38;2;161;123;147m"
[38;2;128;128;128m            [38;2;146;125;138m. [38;2;233;163;139ml[38;2;237;166;138mssssssssss[38;2;238;166;138mm[38;2;242;165;140mm[38;2;244;165;141mms[38;2;247;165;142mml[38;2;205;142;146ms[38;2;174;149;168m"[38;2;190;213;216ml[38;2;193;229;227ml[38;2;187;204;209mm[38;2;180;133;146m"[38;2;237;166;138ms[38;2;237;166;138mss[38;2;242;165;140mm[38;2;251;164;143ml[38;2;255;164;145mlllllllllllllllllllllllllllllll[38;2;230;156;147mm[38;2;202;147;150mm[38;2;202;147;150mm[38;2;196;143;149mm
[38;2;128;128;128m              [38;2;235;165;138ml[38;2;237;166;138mssssssss[38;2;240;166;139mm[38;2;251;164;143ml[38;2;255;164;145mllllllll[38;2;201;140;147mm[38;2;180;161;176m"[38;2;180;171;185m^[38;2;188;138;145m"[38;2;237;166;138ms[38;2;237;166;138mssssm[38;2;243;165;140mm[38;2;247;165;142mm[38;2;251;164;143ml[38;2;254;164;145mllllllllllllllllllllllllllll[38;2;216;151;148mo[38;2;198;145;149mm
[38;2;128;128;128m              l[38;2;237;166;138ms[38;2;237;166;138msssssss[38;2;253;164;144ml[38;2;255;164;145mlllllllllll[38;2;233;154;146mm[38;2;209;143;146mm[38;2;203;143;145m,[38;2;204;145;144m""[38;2;208;149;142ml[38;2;214;153;141ml[38;2;218;155;141mlllll"[38;2;224;154;143mo[38;2;228;155;144ml[38;2;234;156;145ml[38;2;238;156;145mm[38;2;241;158;145ml[38;2;252;162;145ml[38;2;255;164;145mlllllllll[38;2;227;155;147mo[38;2;216;151;148m"m[38;2;251;163;145ml[38;2;255;164;145mlllllll[38;2;229;154;146mm
[38;2;128;128;128m              [38;2;162;123;148m"[38;2;195;141;144m"[38;2;235;165;138ml[38;2;237;166;138mssssss[38;2;248;165;142ml[38;2;255;164;145ml[38;2;255;164;145mllllllllllllllllllllllllllllllllllllll[38;2;250;162;145ml[38;2;205;147;149mm[38;2;202;147;150mmm[38;2;215;151;148m"[38;2;240;159;146ml[38;2;255;164;145ml[38;2;255;164;145mlll[38;2;224;150;146mm
[38;2;128;128;128m               [38;2;151;124;141m" [38;2;206;148;142ml[38;2;236;166;138mm[38;2;237;166;138mssssm[38;2;252;164;144ml[38;2;255;164;145mllllllllllllllllllllllllllllllllllllllll[38;2;203;147;149mm[38;2;202;147;150mmmm[38;2;213;150;148m"[38;2;252;163;145ml[38;2;247;160;145mm [38;2;158;124;145m^
[38;2;128;128;128m                 [38;2;152;124;142m^ [38;2;204;147;143m"[38;2;234;164;138ml[38;2;237;166;138msssm[38;2;248;165;142mm[38;2;255;164;145ml[38;2;255;164;145mllllllllllllllllllllllllllllllllllllll[38;2;218;152;148mm[38;2;202;147;150mm[38;2;202;147;150mmm[38;2;197;144;149mm[38;2;186;135;148m"[38;2;162;124;147m"
[38;2;128;128;128m                   [38;2;148;125;139m'[38;2;163;124;147m:[38;2;190;138;144m"[38;2;220;156;140ml[38;2;237;166;138ms[38;2;237;166;138mssm[38;2;250;164;143ml[38;2;255;164;145ml[38;2;255;164;145mlllllllllllllllllll[38;2;220;153;148m"[38;2;241;159;146ml[38;2;255;164;145ml[38;2;255;164;145mlllllllllllll[38;2;250;162;145mm[38;2;203;147;149mm[38;2;200;146;149mm[38;2;188;138;149mm [38;2;156;124;144m^
[38;2;128;128;128m                      ^ [38;2;193;140;144m"[38;2;218;155;141ml[38;2;236;166;138mm[38;2;237;166;138msm[38;2;246;165;141mm[38;2;252;164;144ml[38;2;255;164;145mllllllllllllllll[38;2;218;152;148mm[38;2;202;147;150mm[38;2;204;147;149m"[38;2;255;164;145ml[38;2;255;164;145mllllllllllll[38;2;237;157;146mm[38;2;189;138;149m^ [38;2;159;124;145m"
[38;2;128;128;128m                         [38;2;150;125;140m^[38;2;160;124;146m"[38;2;180;133;146m"[38;2;200;145;143m"[38;2;219;155;140ml[38;2;235;165;138ml[38;2;238;166;138mm[38;2;242;165;140mm[38;2;246;165;141mm[38;2;249;165;143mm[38;2;252;164;144ml[38;2;254;164;145mllllllllll[38;2;234;157;147mm[38;2;202;147;150mm[38;2;202;147;150mmm[38;2;244;160;146ml[38;2;255;164;145ml[38;2;255;164;145mlllllll[38;2;238;158;144mm[38;2;218;148;146m"[38;2;196;138;147m" [38;2;153;124;142m^
[38;2;128;128;128m                             [38;2;148;125;139m^[38;2;156;124;144m^ [38;2;185;136;145m"[38;2;199;144;143m"[38;2;211;151;142ml[38;2;221;157;140ml[38;2;231;163;139ml[38;2;237;166;138ms[38;2;239;166;139mmmm[38;2;242;165;140mmmm[38;2;227;156;146mm[38;2;209;149;149m"[38;2;202;147;150mm[38;2;202;147;150mmmm[38;2;236;163;141mm[38;2;241;165;140mmm[38;2;225;157;141mm[38;2;214;152;142mm[38;2;201;145;143m"[38;2;188;138;145m" [38;2;157;124;144m"[38;2;149;125;140m^
[38;2;128;128;128m                                   ^^[38;2;156;124;144m^[38;2;162;125;145m:    [38;2;174;130;148m"[38;2;175;130;148m""   [38;2;166;126;147m:[38;2;161;125;145m"[38;2;155;124;144m^[38;2;151;125;141m^[38;2;147;125;139m'[0m